$$
  BOUE              
$$ FES2004_PP ID: 2021-11-10 18:29:38
$$ OLCMC/ OLMPP by H G Scherneck, Onsala Space Observatory, 2021
$$ BOUE,                      RADI TANG  lon/lat:  356.9832   48.1971  171.170
  .02819 .00908 .00587 .00209 .00086 .00259 .00029 .00075 .00037 .00029 .00033
  .00862 .00257 .00194 .00059 .00270 .00155 .00088 .00030 .00011 .00004 .00002
  .00719 .00261 .00153 .00074 .00345 .00255 .00116 .00048 .00042 .00027 .00022
   -62.0  -26.5  -82.7  -33.1 -126.9  143.5 -130.1  117.0   62.5   40.5    5.9
   108.2  138.1   87.8  136.0   67.0   23.7   66.8  -15.8  -66.8 -142.0 -172.0
    47.5   76.5   34.8   73.4  -92.9 -110.2  -93.3 -129.0   58.8   27.7    6.4
